,,,Round 1,Round 1,,Totals,Totals,Totals,Totals,Totals,Shooting,Shooting,Shooting,Per Game,Per Game,Per Game,Per Game,Advanced,Advanced,Advanced,Advanced
Rk,Pk,Tm,Player,College,Yrs,G,MP,PTS,TRB,AST,FG%,3P%,FT%,MP,PTS,TRB,AST,WS,WS/48,BPM,VORP
1,1,NOP,Zion Williamson,Duke,4,184,5857,4542,1199,761,.592,.341,.695,31.8,24.7,6.5,4.1,21.7,.178,4.6,9.8
2,2,MEM,Ja Morant,Murray State,5,257,8282,5783,1243,1903,.472,.318,.755,32.2,22.5,4.8,7.4,20.5,.119,2.8,10.1
3,3,NYK,RJ Barrett,Duke,5,329,10945,6070,1784,962,.435,.346,.710,33.3,18.4,5.4,2.9,10.9,.048,-2.1,-0.4
4,4,LAL,De'Andre Hunter,Virginia,5,263,8080,3751,1078,405,.447,.363,.811,30.7,14.3,4.1,1.5,7.6,.045,-3.2,-2.5
5,5,CLE,Darius Garland,Vanderbilt,5,307,10392,5660,801,2052,.448,.384,.864,33.9,18.4,2.6,6.7,16.5,.076,-0.3,4.3
6,6,PHO,Jarrett Culver,Texas Tech,4,144,2480,934,402,173,.401,.276,.509,17.2,6.5,2.8,1.2,-0.1,-.001,-4.5,-1.6
7,7,CHI,Coby White,UNC,5,348,10116,4896,1266,1288,.427,.369,.848,29.1,14.1,3.6,3.7,13.5,.064,-1.7,0.8
8,8,ATL,Jaxson Hayes,Texas,5,311,4929,2111,1174,201,.636,.268,.707,15.8,6.8,3.8,0.6,16.4,.160,-0.4,2.0
9,9,WAS,Rui Hachimura,Gonzaga,5,278,7476,3543,1343,356,.493,.371,.763,26.9,12.7,4.8,1.3,11.3,.072,-2.2,-0.4
10,10,ATL,Cam Reddish,Duke,5,221,5287,2046,612,275,.398,.324,.833,23.9,9.3,2.8,1.2,2.6,.023,-3.2,-1.6
11,11,MIN,Cameron Johnson,UNC,5,283,7220,3325,1095,470,.447,.392,.830,25.5,11.7,3.9,1.7,17.7,.118,1.2,5.9
12,12,CHO,P.J. Washington,Kentucky,5,333,10082,4285,1840,747,.447,.354,.705,30.3,12.9,5.5,2.2,12.5,.059,-1.2,1.9
13,13,MIA,Tyler Herro,Kentucky,5,284,9038,5147,1403,1036,.440,.385,.872,31.8,18.1,4.9,3.6,12.5,.067,-0.1,4.5
14,14,BOS,Romeo Langford,Indiana,4,141,2268,650,298,97,.430,.288,.659,16.1,4.6,2.1,0.7,2.0,.043,-3.4,-0.8
15,15,DET,Sekou Doumbouya,,3,96,1639,542,267,66,.388,.256,.693,17.1,5.6,2.8,0.7,-0.4,-.013,-6.5,-1.8
16,16,ORL,Chuma Okeke,Auburn,4,189,3832,1189,704,276,.383,.318,.789,20.3,6.3,3.7,1.5,4.4,.055,-1.1,0.9
17,17,BRK,Nickeil Alexander-Walker,Virginia Tech,5,299,5869,2485,683,659,.407,.354,.730,19.6,8.3,2.3,2.2,6.0,.049,-1.5,0.8
18,18,IND,Goga Bitadze,,5,249,3175,1230,856,233,.515,.245,.672,12.8,4.9,3.4,0.9,9.1,.137,0.0,1.6
19,19,SAS,Luka Šamanić,,4,86,921,384,210,55,.411,.247,.706,10.7,4.5,2.4,0.6,0.0,.001,-5.6,-0.8
20,20,BOS,Matisse Thybulle,Washington,5,332,6957,1586,658,360,.435,.338,.679,21.0,4.8,2.0,1.1,13.2,.091,0.7,4.7
21,21,OKC,Brandon Clarke,Gonzaga,5,243,5185,2602,1357,343,.603,.286,.697,21.3,10.7,5.6,1.4,20.2,.187,2.8,6.2
22,22,BOS,Grant Williams,Tennessee,5,364,8231,2558,1311,515,.453,.377,.768,22.6,7.0,3.6,1.4,14.8,.086,-1.9,0.3
23,23,UTA,Darius Bazley,,5,237,5536,2113,1244,282,.414,.309,.677,23.4,8.9,5.2,1.2,3.1,.027,-2.4,-0.6
24,24,PHI,Ty Jerome,Virginia,5,159,2748,1108,294,411,.421,.352,.826,17.3,7.0,1.8,2.6,3.9,.069,-1.6,0.3
25,25,POR,Nassir Little,UNC,5,237,3735,1313,688,170,.452,.330,.735,15.8,5.5,2.9,0.7,4.7,.061,-2.6,-0.5
26,26,CLE,Dylan Windler,Belmont,4,101,1090,319,212,78,.425,.347,.800,10.8,3.2,2.1,0.8,1.6,.072,-1.4,0.2
27,27,BRK,Mfiondu Kabengele,Florida State,3,55,380,143,81,19,.383,.301,.852,6.9,2.6,1.5,0.3,0.4,.055,-3.6,-0.2
28,28,GSW,Jordan Poole,Michigan,5,344,9349,5551,907,1249,.419,.336,.878,27.2,16.1,2.6,3.6,9.3,.048,-2.2,-0.4
29,29,SAS,Keldon Johnson,Kentucky,5,293,8762,4782,1621,672,.465,.358,.760,29.9,16.3,5.5,2.3,13.5,.074,-1.3,1.6
30,30,MIL,Kevin Porter Jr.,USC,4,196,5928,3008,842,987,.431,.357,.725,30.2,15.3,4.3,5.0,4.0,.032,-1.6,0.7
31,31,BRK,Nic Claxton,Georgia,5,241,6142,2490,1882,378,.661,.158,.544,25.5,10.3,7.8,1.6,21.8,.170,1.6,5.6
32,32,PHO,KZ Okpala,Stanford,4,98,965,222,148,47,.409,.286,.667,9.8,2.3,1.5,0.5,1.0,.050,-4.7,-0.7
33,33,PHI,Carsen Edwards,Purdue,3,72,706,267,79,52,.364,.297,.758,9.8,3.7,1.1,0.7,0.3,.019,-5.1,-0.5
34,34,PHI,Bruno Fernando,Maryland,5,203,2179,814,661,143,.544,.122,.650,10.7,4.0,3.3,0.7,3.6,.078,-3.1,-0.6
35,35,ATL,Didi Louzada,,2,12,185,43,20,8,.326,.355,1.000,15.4,3.6,1.7,0.7,-0.1,-.034,-8.1,-0.3
36,36,CHO,Cody Martin,Nevada,5,206,4505,1235,737,475,.442,.317,.651,21.9,6.0,3.6,2.3,5.9,.063,-1.7,0.3
37,37,DAL,Deividas Sirvydis,,2,23,160,44,35,6,.300,.314,.500,7.0,1.9,1.5,0.3,-0.1,-.032,-5.9,-0.2
38,38,CHI,Daniel Gafford,Arkansas,5,321,6263,2796,1739,317,.711,.000,.668,19.5,8.7,5.4,1.0,25.2,.193,1.5,5.6
39,39,NOP,Alen Smailagić,,2,29,223,87,43,17,.463,.304,.720,7.7,3.0,1.5,0.6,0.3,.056,-3.3,-0.1
40,40,SAC,Justin James,Wyoming,2,72,542,228,62,40,.446,.343,.544,7.5,3.2,0.9,0.6,0.3,.024,-3.1,-0.2
41,41,GSW,Eric Paschall,Villanova,3,158,3086,1552,509,214,.494,.326,.758,19.5,9.8,3.2,1.4,5.0,.078,-2.2,-0.1
42,42,PHI,Admiral Schofield,Tennessee,4,131,1372,426,215,78,.417,.326,.782,10.5,3.3,1.6,0.6,1.2,.043,-4.6,-0.9
43,43,MIN,Jaylen Nowell,Washington,5,197,3351,1748,425,362,.446,.317,.798,17.0,8.9,2.2,1.8,4.9,.070,-1.9,0.1
44,44,MIA,Bol Bol,Oregon,5,166,2302,999,605,104,.550,.327,.745,13.9,6.0,3.6,0.6,4.1,.086,-0.6,0.8
45,45,DET,Isaiah Roby,Nebraska,4,151,2858,1159,667,216,.485,.351,.675,18.9,7.7,4.4,1.4,4.0,.068,-2.3,-0.2
46,46,ORL,Talen Horton-Tucker,Iowa State,5,247,5218,2430,700,769,.423,.293,.778,21.1,9.8,2.8,3.1,4.9,.045,-1.9,0.1
47,47,SAC,Ignas Brazdeikis,Michigan,3,64,838,318,122,58,.416,.315,.686,13.1,5.0,1.9,0.9,0.4,.024,-4.9,-0.6
48,48,LAC,Terance Mann,Florida State,5,345,7687,2814,1252,669,.503,.373,.793,22.3,8.2,3.6,1.9,18.5,.115,-0.7,2.5
49,49,SAS,Quinndary Weatherspoon,Mississippi State,3,42,272,88,32,24,.452,.188,.826,6.5,2.1,0.8,0.6,0.2,.030,-5.5,-0.2
50,50,IND,Jarrell Brantley,College of Charleston,3,41,273,110,53,29,.457,.380,.833,6.7,2.7,1.3,0.7,0.6,.108,0.0,0.1
51,51,BOS,Tremont Waters,LSU,3,40,407,149,37,85,.354,.296,.960,10.2,3.7,0.9,2.1,0.1,.012,-3.0,-0.1
52,52,CHO,Jalen McDaniels,San Diego State,5,248,4543,1699,829,291,.449,.322,.777,18.3,6.9,3.3,1.2,5.3,.056,-3.3,-1.5
53,53,UTA,Justin Wright-Foreman,Hofstra,1,4,45,19,5,7,.350,.200,.750,11.3,4.8,1.3,1.8,0.0,-.008,-9.0,-0.1
54,54,PHI,Marial Shayok,Iowa State,1,4,28,11,7,1,.250,.333,.750,7.0,2.8,1.8,0.3,-0.1,-.130,-13.0,-0.1
55,55,NYK,Kyle Guy,Virginia,3,53,431,165,53,50,.361,.303,.750,8.1,3.1,1.0,0.9,0.1,.006,-4.9,-0.3
56,56,LAC,Jaylen Hands,UCLA,,,,,,,,,,,,,,,,,
57,57,NOP,Jordan Bone,Tennessee,2,24,249,68,28,26,.378,.286,,10.4,2.8,1.2,1.1,0.1,.010,-5.9,-0.2
58,58,GSW,Miye Oni,Yale,3,80,672,145,108,37,.350,.330,.750,8.4,1.8,1.4,0.5,1.0,.070,-2.5,-0.1
59,59,TOR,Dewan Hernandez,Miami (FL),1,6,28,14,14,3,.357,.500,.600,4.7,2.3,2.3,0.5,0.0,.043,-9.6,-0.1
60,60,SAC,Vanja Marinković,,,,,,,,,,,,,,,,,,