,,,Round 1,Round 1,,Totals,Totals,Totals,Totals,Totals,Shooting,Shooting,Shooting,Per Game,Per Game,Per Game,Per Game,Advanced,Advanced,Advanced,Advanced
Rk,Pk,Tm,Player,College,Yrs,G,MP,PTS,TRB,AST,FG%,3P%,FT%,MP,PTS,TRB,AST,WS,WS/48,BPM,VORP
1,1,MIN,Anthony Edwards,Georgia,4,302,10392,6920,1567,1241,.446,.353,.793,34.4,22.9,5.2,4.1,16.5,.076,0.9,7.7
2,2,GSW,James Wiseman,Memphis,3,147,2794,1344,829,110,.560,.267,.681,19.0,9.1,5.6,0.7,4.3,.073,-3.9,-1.4
3,3,CHO,LaMelo Ball,,4,184,5870,3675,1147,1364,.427,.374,.834,31.9,20.0,6.2,7.4,11.6,.095,2.8,7.1
4,4,CHI,Patrick Williams,Florida State,4,213,5902,2070,889,280,.469,.410,.780,27.7,9.7,4.2,1.3,8.0,.065,-1.9,0.2
5,5,CLE,Isaac Okoro,Auburn,4,279,7693,2371,800,468,.467,.347,.732,27.6,8.5,2.9,1.7,13.5,.084,-2.2,-0.4
6,6,ATL,Onyeka Okongwu,USC,4,233,4847,1972,1398,226,.640,.318,.754,20.8,8.5,6.0,1.0,17.7,.175,0.2,2.7
7,7,DET,Killian Hayes,,4,210,5479,1704,619,1090,.382,.277,.775,26.1,8.1,2.9,5.2,-0.5,-.004,-3.9,-2.7
8,8,NYK,Obi Toppin,Dayton,4,283,4693,2241,913,300,.520,.351,.768,16.6,7.9,3.2,1.1,12.3,.126,0.9,3.4
9,9,WAS,Deni Avdija,,4,287,7518,2826,1714,727,.457,.327,.737,26.2,9.8,6.0,2.5,9.1,.058,-1.9,0.3
10,10,PHO,Jalen Smith,Maryland,4,207,3406,1766,1075,157,.517,.335,.740,16.5,8.5,5.2,0.8,9.1,.128,-0.4,1.3
11,11,SAS,Devin Vassell,Florida State,4,239,6419,3239,889,605,.444,.369,.809,26.9,13.6,3.7,2.5,9.7,.072,-0.3,2.7
12,12,SAC,Tyrese Haliburton,Iowa State,4,260,8547,4483,960,2274,.478,.393,.856,32.9,17.2,3.7,8.7,27.2,.153,4.5,14.0
13,13,NOP,Kira Lewis Jr.,Alabama,4,131,1745,687,169,233,.397,.294,.848,13.3,5.2,1.3,1.8,1.3,.036,-3.5,-0.6
14,14,BOS,Aaron Nesmith,Vanderbilt,4,243,5054,2029,768,251,.452,.374,.808,20.8,8.3,3.2,1.0,7.6,.072,-2.2,-0.2
15,15,ORL,Cole Anthony,UNC,4,253,6701,3385,1168,1032,.418,.343,.851,26.5,13.4,4.6,4.1,8.9,.064,-0.7,2.2
16,16,POR,Isaiah Stewart,Washington,4,235,6108,2196,1778,284,.498,.348,.727,26.0,9.3,7.6,1.2,11.1,.087,-2.2,-0.4
17,17,MIN,Aleksej Pokusevski,,4,168,3429,1253,778,327,.391,.304,.702,20.4,7.5,4.6,1.9,-0.2,-.002,-3.1,-1.0
18,18,DAL,Josh Green,Arizona,4,223,4528,1435,605,340,.503,.375,.689,20.3,6.4,2.7,1.5,7.7,.082,-2.3,-0.4
19,19,BRK,Saddiq Bey,Villanova,4,292,8804,4103,1532,538,.408,.352,.842,30.2,14.1,5.2,1.8,14.6,.079,-0.7,2.9
20,20,MIA,Precious Achiuwa,Memphis,4,263,5226,2041,1496,258,.481,.307,.608,19.9,7.8,5.7,1.0,9.5,.087,-2.4,-0.5
21,21,PHI,Tyrese Maxey,Kentucky,4,266,8227,4833,778,1086,.468,.396,.862,30.9,18.2,2.9,4.1,22.7,.132,1.2,6.6
22,22,DEN,Zeke Nnaji,Arizona,4,194,2399,869,476,77,.512,.370,.662,12.4,4.5,2.5,0.4,5.4,.109,-2.9,-0.6
23,23,NYK,Leandro Bolmaro,,2,49,309,56,50,28,.270,.227,.846,6.3,1.1,1.0,0.6,-0.3,-.048,-7.8,-0.5
24,24,MIL,R.J. Hampton,,4,170,3116,1155,466,307,.408,.338,.679,18.3,6.8,2.7,1.8,0.8,.013,-3.8,-1.4
25,25,OKC,Immanuel Quickley,Kentucky,4,291,7374,3978,980,1012,.421,.375,.857,25.3,13.7,3.4,3.5,18.9,.123,1.1,5.7
26,26,BOS,Payton Pritchard,Oregon,4,267,4737,2009,645,604,.444,.395,.862,17.7,7.5,2.4,2.3,12.3,.125,0.1,2.6
27,27,UTA,Udoka Azubuike,Kansas,4,84,724,256,235,14,.758,,.444,8.6,3.0,2.8,0.2,2.0,.133,-1.5,0.1
28,28,LAL,Jaden McDaniels,Washington,4,284,7835,2784,1056,399,.484,.354,.729,27.6,9.8,3.7,1.4,11.6,.071,-2.4,-0.8
29,29,TOR,Malachi Flynn,San Diego State,4,213,3032,1168,369,407,.387,.334,.745,14.2,5.5,1.7,1.9,2.8,.045,-2.6,-0.5
30,30,BOS,Desmond Bane,TCU,4,244,7069,4253,1020,810,.468,.415,.879,29.0,17.4,4.2,3.3,19.0,.129,2.2,7.5
31,31,DAL,Tyrell Terry,Stanford,2,13,59,13,6,6,.353,.000,.333,4.5,1.0,0.5,0.5,0.0,-.035,-4.8,0.0
32,32,CHO,Vernon Carey Jr.,Duke,3,37,187,72,50,5,.474,.143,.654,5.1,1.9,1.4,0.1,0.2,.058,-6.3,-0.2
33,33,MIN,Daniel Oturu,Minnesota,2,33,188,63,53,10,.431,.167,.706,5.7,1.9,1.6,0.3,0.3,.086,-5.2,-0.2
34,34,PHI,Théo Maledon,,4,177,3753,1373,489,518,.372,.310,.793,21.2,7.8,2.8,2.9,-0.2,-.002,-4.6,-2.4
35,35,SAC,Xavier Tillman Sr.,Michigan State,4,227,3940,1355,935,310,.522,.267,.574,17.4,6.0,4.1,1.4,10.3,.125,0.3,2.3
36,36,PHI,Tyler Bey,Colorado,1,18,71,18,19,3,.318,.250,.600,3.9,1.0,1.1,0.2,0.0,-.033,-9.5,-0.1
37,37,WAS,Vit Krejci,,3,81,1396,358,179,124,.435,.348,.833,17.2,4.4,2.2,1.5,1.4,.047,-4.5,-0.9
38,38,UTA,Saben Lee,Vanderbilt,4,134,1943,697,260,378,.421,.271,.734,14.5,5.2,1.9,2.8,3.5,.085,-1.4,0.3
39,39,NOP,Elijah Hughes,Syracuse,2,54,498,157,67,28,.328,.280,.769,9.2,2.9,1.2,0.5,-0.4,-.039,-6.4,-0.5
40,40,MEM,Robert Woodard II,Mississippi State,2,25,87,27,27,5,.278,.200,.500,3.5,1.1,1.1,0.2,-0.1,-.077,-7.7,-0.1
41,41,SAS,Tre Jones,Duke,4,251,5539,2153,710,1198,.481,.301,.843,22.1,8.6,2.8,4.8,11.6,.101,-0.8,1.7
42,42,NOP,Nick Richards,Kentucky,4,200,3406,1349,1052,107,.661,.333,.736,17.0,6.7,5.3,0.5,10.3,.145,-2.1,-0.1
43,43,SAC,Jahmi'us Ramsey,Texas Tech,3,39,349,147,45,21,.416,.271,.680,8.9,3.8,1.2,0.5,-0.1,-.008,-5.4,-0.3
44,44,CHI,Marko Simonovic,,2,16,55,23,12,0,.273,.222,.692,3.4,1.4,0.8,0.0,0.0,-.026,-12.3,-0.1
45,45,MIL,Jordan Nwora,Louisville,4,206,3359,1564,659,216,.433,.376,.807,16.3,7.6,3.2,1.0,3.0,.043,-2.8,-0.7
46,46,POR,CJ Elleby,Washington State,2,88,1366,407,259,97,.390,.275,.717,15.5,4.6,2.9,1.1,0.5,.018,-5.2,-1.1
47,47,BOS,Yam Madar,,,,,,,,,,,,,,,,,,
48,48,GSW,Nico Mannion,Arizona,1,30,364,123,46,70,.342,.367,.821,12.1,4.1,1.5,2.3,0.2,.029,-3.9,-0.2
49,49,PHI,Isaiah Joe,Arkansas,4,247,3832,1678,447,242,.427,.397,.841,15.5,6.8,1.8,1.0,8.4,.105,-0.4,1.5
50,50,ATL,Skylar Mays,LSU,4,105,1111,451,122,182,.445,.345,.859,10.6,4.3,1.2,1.7,2.1,.092,-0.7,0.4
51,51,GSW,Justinian Jessup,Boise State,,,,,,,,,,,,,,,,,
52,52,SAC,KJ Martin,,4,266,5762,2378,1122,323,.544,.337,.662,21.7,8.9,4.2,1.2,11.1,.093,-1.5,0.7
53,53,OKC,Cassius Winston,Michigan State,2,29,137,55,10,19,.409,.435,.900,4.7,1.9,0.3,0.7,0.1,.051,-4.9,-0.1
54,54,IND,Cassius Stanley,Duke,2,33,248,88,39,5,.360,.233,.895,7.5,2.7,1.2,0.2,0.0,-.006,-7.9,-0.4
55,55,BRK,Jay Scrubb,John A. Logan College,3,24,235,97,36,10,.416,.313,.765,9.8,4.0,1.5,0.4,-0.1,-.014,-6.6,-0.3
56,56,CHO,Grant Riller,College of Charleston,1,7,27,18,1,3,.667,.500,,3.9,2.6,0.1,0.4,0.1,.177,5.1,0.0
57,57,LAC,Reggie Perry,Mississippi State,2,36,398,170,120,26,.459,.189,.679,11.1,4.7,3.3,0.7,0.4,.048,-5.5,-0.3
58,58,PHI,Paul Reed,DePaul,4,215,2824,1091,903,164,.555,.312,.690,13.1,5.1,4.2,0.8,9.9,.168,0.3,1.7
59,59,TOR,Jalen Harris,Nevada,1,13,172,96,18,17,.500,.472,.778,13.2,7.4,1.4,1.3,0.3,.079,0.3,0.1
60,60,NOP,Sam Merrill,Utah State University,4,102,1419,624,166,138,.405,.398,.895,13.9,6.1,1.6,1.4,3.5,.119,0.0,0.7
